 1 0 252
 1 1.55 249
 1 3.1000000000000001 81
 1 4.6500000000000004 70
 1 6.2000000000000002 69
 1 7.75 224
 1 9.3000000000000007 18
 1 10.85 155
 1 12.4 219
 1 13.950000000000001 186
 1 15.5 190
 1 17.050000000000001 47
 1 18.600000000000001 26
 1 20.150000000000002 185
 1 21.699999999999999 72
 1 23.25 30
 1 24.800000000000001 108
 1 26.350000000000001 148
 1 27.900000000000002 48
 1 29.449999999999999 215
 1 31 94
 1 32.550000000000004 122
 1 34.100000000000001 109
 1 35.649999999999999 222
 1 37.200000000000003 157
 1 38.75 100
 1 40.300000000000004 62
 1 41.850000000000001 167
 1 43.399999999999999 162
 1 44.950000000000003 237
 1 46.5 143
 1 48.050000000000004 92
 1 49.600000000000001 193
 1 51.149999999999999 43
 1 52.700000000000003 141
 1 54.25 115
 1 55.800000000000004 8
 1 57.350000000000001 196
 1 58.899999999999999 231
 1 60.450000000000003 44
 1 62 178
 1 63.550000000000004 53
 1 65.100000000000009 177
 1 66.650000000000006 217
 1 68.200000000000003 52
 1 69.75 50
 1 71.299999999999997 125
 1 72.850000000000009 25
 1 74.400000000000006 74
 1 75.950000000000003 232
 1 77.5 90
 1 79.049999999999997 192
 1 80.600000000000009 225
 1 82.150000000000006 152
 1 83.700000000000003 199
 1 85.25 255
 1 86.799999999999997 24
 1 88.350000000000009 236
 1 89.900000000000006 170
 1 91.450000000000003 146
 1 93 98
 1 94.549999999999997 198
 1 96.100000000000009 86
 1 97.650000000000006 19
 1 99.200000000000003 107
 1 100.75 9
 1 102.3 39
 1 103.85000000000001 239
 1 105.40000000000001 180
 1 106.95 138
 1 108.5 158
 1 110.05 128
 1 111.60000000000001 35
 1 113.15000000000001 16
 1 114.7 105
 1 116.25 11
 1 117.8 194
 1 119.35000000000001 31
 1 120.90000000000001 17
 1 122.45 150
 1 124 207
 1 125.55 37
 1 127.10000000000001 123
 1 128.65000000000001 71
 1 130.20000000000002 113
 1 131.75 208
 1 133.30000000000001 248
 1 134.84999999999999 124
 1 136.40000000000001 182
 1 137.95000000000002 134
 1 139.5 172
 1 141.05000000000001 22
 1 142.59999999999999 111
 1 144.15000000000001 13
 1 145.70000000000002 184
